##2D Plot
##Title Similarity Plot of Aligned Sequences
##Graphs 1
##Number 1
##Points 957
##XminA 0.000000 XmaxA 0.000000 YminA 0.000000 YmaxA 0.000000
##Xmin 0.000000 Xmax 957.000000 Ymin -0.000077 Ymax 0.608294
##ScaleXmin 0.000000 ScaleXmax 0.000000 ScaleYmin 0.000000 ScaleYmax 0.000000
##Maintitle 
##Xtitle Relative Residue Position
##Ytitle Similarity
1.000000	0.000000
2.000000	0.000000
3.000000	0.000000
4.000000	0.000000
5.000000	0.000000
6.000000	0.000004
7.000000	0.000004
8.000000	0.000004
9.000000	0.000004
10.000000	0.000004
11.000000	0.000003
12.000000	0.000004
13.000000	0.000003
14.000000	0.000004
15.000000	0.000004
16.000000	0.000004
17.000000	0.000005
18.000000	0.000004
19.000000	0.000003
20.000000	0.000003
21.000000	0.000003
22.000000	0.000003
23.000000	0.000002
24.000000	0.000002
25.000000	0.000002
26.000000	0.000002
27.000000	0.000001
28.000000	0.000008
29.000000	0.000010
30.000000	0.000006
31.000000	0.000009
32.000000	0.000013
33.000000	0.000011
34.000000	0.000018
35.000000	0.000016
36.000000	0.000018
37.000000	0.000019
38.000000	0.000023
39.000000	0.000029
40.000000	0.000033
41.000000	0.000031
42.000000	0.000030
43.000000	0.000033
44.000000	0.000028
45.000000	0.000033
46.000000	0.000033
47.000000	0.000034
48.000000	0.000020
49.000000	0.000015
50.000000	0.000020
51.000000	0.000024
52.000000	0.000023
53.000000	0.000023
54.000000	0.000039
55.000000	0.000034
56.000000	0.000029
57.000000	0.000029
58.000000	0.000043
59.000000	0.000036
60.000000	0.000031
61.000000	0.000027
62.000000	0.000033
63.000000	0.000044
64.000000	0.000029
65.000000	0.000036
66.000000	0.000047
67.000000	0.000052
68.000000	0.000051
69.000000	0.000126
70.000000	0.000202
71.000000	0.000212
72.000000	0.000268
73.000000	0.000295
74.000000	0.000285
75.000000	0.000258
76.000000	0.000278
77.000000	0.000262
78.000000	0.000256
79.000000	0.000180
80.000000	0.000114
81.000000	0.000118
82.000000	0.000070
83.000000	0.000028
84.000000	0.000055
85.000000	0.000099
86.000000	0.000109
87.000000	0.000128
88.000000	0.000138
89.000000	0.000152
90.000000	0.000153
91.000000	0.000190
92.000000	0.000236
93.000000	0.000309
94.000000	0.000330
95.000000	0.001917
96.000000	0.004550
97.000000	0.005031
98.000000	0.006396
99.000000	0.006736
100.000000	0.032159
101.000000	0.052318
102.000000	0.060467
103.000000	0.080649
104.000000	0.080606
105.000000	0.118980
106.000000	0.122860
107.000000	0.126351
108.000000	0.155718
109.000000	0.161786
110.000000	0.138740
111.000000	0.118529
112.000000	0.110319
113.000000	0.090069
114.000000	0.093445
115.000000	0.057151
116.000000	0.054445
117.000000	0.055407
118.000000	0.030601
119.000000	0.027950
120.000000	0.045491
121.000000	0.071170
122.000000	0.076148
123.000000	0.080966
124.000000	0.085278
125.000000	0.087690
126.000000	0.088453
127.000000	0.087758
128.000000	0.100079
129.000000	0.110634
130.000000	0.107577
131.000000	0.091741
132.000000	0.089891
133.000000	0.100511
134.000000	0.105200
135.000000	0.113650
136.000000	0.117126
137.000000	0.116491
138.000000	0.104677
139.000000	0.120150
140.000000	0.117934
141.000000	0.124682
142.000000	0.135101
143.000000	0.128777
144.000000	0.143222
145.000000	0.133605
146.000000	0.138644
147.000000	0.140792
148.000000	0.163452
149.000000	0.168803
150.000000	0.169098
151.000000	0.173952
152.000000	0.177086
153.000000	0.171474
154.000000	0.159827
155.000000	0.154894
156.000000	0.141772
157.000000	0.136010
158.000000	0.106901
159.000000	0.071755
160.000000	0.056803
161.000000	0.035358
162.000000	0.018677
163.000000	0.015174
164.000000	0.000000
165.000000	0.012084
166.000000	0.024377
167.000000	0.024602
168.000000	0.047243
169.000000	0.076728
170.000000	0.085283
171.000000	0.094582
172.000000	0.120490
173.000000	0.150090
174.000000	0.251694
175.000000	0.269739
176.000000	0.285432
177.000000	0.312323
178.000000	0.289682
179.000000	0.260200
180.000000	0.251645
181.000000	0.242346
182.000000	0.216437
183.000000	0.186837
184.000000	0.085233
185.000000	0.055104
186.000000	0.027118
187.000000	0.000000
188.000000	0.000000
189.000000	0.000000
190.000000	0.000000
191.000000	0.000000
192.000000	0.000000
193.000000	0.000000
194.000000	0.000000
195.000000	0.000000
196.000000	0.000000
197.000000	0.000000
198.000000	0.000000
199.000000	0.000000
200.000000	0.000000
201.000000	0.033200
202.000000	0.067777
203.000000	0.109485
204.000000	0.210505
205.000000	0.235343
206.000000	0.290317
207.000000	0.316907
208.000000	0.347248
209.000000	0.384443
210.000000	0.430645
211.000000	0.397445
212.000000	0.362867
213.000000	0.321159
214.000000	0.220138
215.000000	0.195300
216.000000	0.140328
217.000000	0.113738
218.000000	0.083400
219.000000	0.146157
220.000000	0.125497
221.000000	0.163942
222.000000	0.221237
223.000000	0.278954
224.000000	0.313205
225.000000	0.361251
226.000000	0.428229
227.000000	0.487109
228.000000	0.592822
229.000000	0.598702
230.000000	0.608294
231.000000	0.593322
232.000000	0.579361
233.000000	0.556069
234.000000	0.527068
235.000000	0.497228
236.000000	0.468844
237.000000	0.429153
238.000000	0.323685
239.000000	0.217891
240.000000	0.218066
241.000000	0.210384
242.000000	0.191707
243.000000	0.171118
244.000000	0.198902
245.000000	0.199255
246.000000	0.192190
247.000000	0.198705
248.000000	0.247327
249.000000	0.305129
250.000000	0.336785
251.000000	0.320990
252.000000	0.296338
253.000000	0.282501
254.000000	0.249468
255.000000	0.230904
256.000000	0.199376
257.000000	0.173676
258.000000	0.124810
259.000000	0.066968
260.000000	0.000000
261.000000	0.000000
262.000000	0.027746
263.000000	0.067494
264.000000	0.154206
265.000000	0.202422
266.000000	0.250616
267.000000	0.308380
268.000000	0.375793
269.000000	0.434332
270.000000	0.473525
271.000000	0.542279
272.000000	0.553838
273.000000	0.573032
274.000000	0.564898
275.000000	0.544855
276.000000	0.546540
277.000000	0.513821
278.000000	0.463134
279.000000	0.424936
280.000000	0.413799
281.000000	0.370816
282.000000	0.372314
283.000000	0.367861
284.000000	0.309564
285.000000	0.319034
286.000000	0.308905
287.000000	0.330318
288.000000	0.350046
289.000000	0.345034
290.000000	0.338641
291.000000	0.338461
292.000000	0.313933
293.000000	0.280459
294.000000	0.269656
295.000000	0.256491
296.000000	0.239253
297.000000	0.220316
298.000000	0.201322
299.000000	0.193032
300.000000	0.173645
301.000000	0.152622
302.000000	0.137759
303.000000	0.121152
304.000000	0.111857
305.000000	0.087389
306.000000	0.064881
307.000000	0.046260
308.000000	0.032385
309.000000	0.028303
310.000000	0.046347
311.000000	0.050258
312.000000	0.065696
313.000000	0.078461
314.000000	0.132376
315.000000	0.143178
316.000000	0.158411
317.000000	0.166247
318.000000	0.232361
319.000000	0.240213
320.000000	0.225323
321.000000	0.265230
322.000000	0.305626
323.000000	0.306639
324.000000	0.280559
325.000000	0.295601
326.000000	0.308671
327.000000	0.309252
328.000000	0.272581
329.000000	0.308768
330.000000	0.330470
331.000000	0.282081
332.000000	0.224842
333.000000	0.206655
334.000000	0.178625
335.000000	0.152780
336.000000	0.124480
337.000000	0.107161
338.000000	0.074133
339.000000	0.027132
340.000000	0.000000
341.000000	0.038595
342.000000	0.086665
343.000000	0.123711
344.000000	0.181577
345.000000	0.217120
346.000000	0.239298
347.000000	0.239298
348.000000	0.239298
349.000000	0.239298
350.000000	0.262292
351.000000	0.300783
352.000000	0.310905
353.000000	0.341724
354.000000	0.360945
355.000000	0.373544
356.000000	0.351369
357.000000	0.351369
358.000000	0.351369
359.000000	0.351369
360.000000	0.328375
361.000000	0.251285
362.000000	0.193095
363.000000	0.125232
364.000000	0.086464
365.000000	0.070387
366.000000	0.076730
367.000000	0.134770
368.000000	0.162137
369.000000	0.191015
370.000000	0.219653
371.000000	0.219657
372.000000	0.219663
373.000000	0.219668
374.000000	0.181353
375.000000	0.149290
376.000000	0.142958
377.000000	0.084924
378.000000	0.057563
379.000000	0.028692
380.000000	0.000063
381.000000	0.000729
382.000000	0.001116
383.000000	0.001485
384.000000	0.001926
385.000000	0.002576
386.000000	0.002565
387.000000	0.002559
388.000000	0.002553
389.000000	0.002546
390.000000	0.002538
391.000000	0.001867
392.000000	0.046246
393.000000	0.063015
394.000000	0.074758
395.000000	0.098985
396.000000	0.121973
397.000000	0.126303
398.000000	0.128305
399.000000	0.138577
400.000000	0.151486
401.000000	0.151863
402.000000	0.107253
403.000000	0.090877
404.000000	0.081371
405.000000	0.056836
406.000000	0.072335
407.000000	0.068229
408.000000	0.066228
409.000000	0.055960
410.000000	0.043053
411.000000	0.042677
412.000000	0.042515
413.000000	0.041751
414.000000	0.039069
415.000000	0.038725
416.000000	0.000238
417.000000	0.000015
418.000000	0.020991
419.000000	0.060871
420.000000	0.074225
421.000000	0.084465
422.000000	0.095505
423.000000	0.119128
424.000000	0.132107
425.000000	0.144701
426.000000	0.170210
427.000000	0.195870
428.000000	0.200713
429.000000	0.183638
430.000000	0.180223
431.000000	0.213800
432.000000	0.222969
433.000000	0.209793
434.000000	0.213760
435.000000	0.219815
436.000000	0.212590
437.000000	0.214045
438.000000	0.224950
439.000000	0.235573
440.000000	0.238150
441.000000	0.222278
442.000000	0.228011
443.000000	0.250519
444.000000	0.268241
445.000000	0.283757
446.000000	0.313153
447.000000	0.299897
448.000000	0.270783
449.000000	0.262729
450.000000	0.261566
451.000000	0.245090
452.000000	0.235565
453.000000	0.225891
454.000000	0.220789
455.000000	0.240133
456.000000	0.225897
457.000000	0.224819
458.000000	0.316631
459.000000	0.317490
460.000000	0.306138
461.000000	0.294667
462.000000	0.278249
463.000000	0.254966
464.000000	0.225398
465.000000	0.171892
466.000000	0.138447
467.000000	0.125666
468.000000	0.026242
469.000000	0.000007
470.000000	0.000006
471.000000	0.000007
472.000000	0.000010
473.000000	0.000010
474.000000	0.000010
475.000000	0.000011
476.000000	0.000012
477.000000	0.000012
478.000000	0.000012
479.000000	0.000013
480.000000	0.000011
481.000000	0.000010
482.000000	0.000007
483.000000	0.000006
484.000000	0.000006
485.000000	0.000003
486.000000	0.000001
487.000000	0.000001
488.000000	0.000002
489.000000	0.000003
490.000000	0.000007
491.000000	0.000007
492.000000	0.000007
493.000000	0.000007
494.000000	0.000007
495.000000	0.000008
496.000000	0.000008
497.000000	0.000008
498.000000	0.000008
499.000000	0.000009
500.000000	0.000006
501.000000	0.000007
502.000000	0.023985
503.000000	0.041339
504.000000	0.066369
505.000000	0.101772
506.000000	0.119624
507.000000	0.148271
508.000000	0.230117
509.000000	0.309695
510.000000	0.331095
511.000000	0.358709
512.000000	0.334737
513.000000	0.317382
514.000000	0.292352
515.000000	0.256949
516.000000	0.239098
517.000000	0.210450
518.000000	0.128604
519.000000	0.049024
520.000000	0.027621
521.000000	0.000006
522.000000	0.000005
523.000000	0.000006
524.000000	0.059914
525.000000	0.080951
526.000000	0.178745
527.000000	0.205263
528.000000	0.230597
529.000000	0.251531
530.000000	0.301022
531.000000	0.344446
532.000000	0.371496
533.000000	0.433552
534.000000	0.420781
535.000000	0.432709
536.000000	0.359173
537.000000	0.363655
538.000000	0.349856
539.000000	0.366924
540.000000	0.342842
541.000000	0.315334
542.000000	0.332700
543.000000	0.281643
544.000000	0.234519
545.000000	0.201564
546.000000	0.177298
547.000000	0.146301
548.000000	0.134766
549.000000	0.111494
550.000000	0.112919
551.000000	0.142778
552.000000	0.127985
553.000000	0.150987
554.000000	0.176940
555.000000	0.196320
556.000000	0.210087
557.000000	0.234447
558.000000	0.251566
559.000000	0.247871
560.000000	0.242299
561.000000	0.211511
562.000000	0.184731
563.000000	0.156149
564.000000	0.146352
565.000000	0.155731
566.000000	0.159223
567.000000	0.153389
568.000000	0.154771
569.000000	0.143735
570.000000	0.122470
571.000000	0.107483
572.000000	0.104633
573.000000	0.113391
574.000000	0.098628
575.000000	0.070750
576.000000	0.054759
577.000000	0.042952
578.000000	0.040455
579.000000	0.044803
580.000000	0.046341
581.000000	0.051982
582.000000	0.069619
583.000000	0.085506
584.000000	0.100974
585.000000	0.101099
586.000000	0.141269
587.000000	0.147814
588.000000	0.148104
589.000000	0.159061
590.000000	0.176581
591.000000	0.187498
592.000000	0.180379
593.000000	0.158340
594.000000	0.168617
595.000000	0.177267
596.000000	0.149836
597.000000	0.157963
598.000000	0.161779
599.000000	0.153305
600.000000	0.146808
601.000000	0.132170
602.000000	0.122479
603.000000	0.114458
604.000000	0.087394
605.000000	0.095045
606.000000	0.087021
607.000000	0.095995
608.000000	0.090100
609.000000	0.116329
610.000000	0.103770
611.000000	0.101849
612.000000	0.101023
613.000000	0.101020
614.000000	0.100940
615.000000	0.083634
616.000000	0.085261
617.000000	0.067760
618.000000	0.063076
619.000000	0.057843
620.000000	0.087749
621.000000	0.136788
622.000000	0.136688
623.000000	0.136684
624.000000	0.136683
625.000000	0.136685
626.000000	0.129074
627.000000	0.116217
628.000000	0.106687
629.000000	0.078864
630.000000	0.048959
631.000000	-0.000077
632.000000	0.000028
633.000000	0.000030
634.000000	0.000030
635.000000	0.000028
636.000000	0.000029
637.000000	0.000019
638.000000	0.000017
639.000000	0.000014
640.000000	0.000012
641.000000	0.000009
642.000000	0.000005
643.000000	0.000004
644.000000	0.000004
645.000000	0.000004
646.000000	0.000001
647.000000	0.000001
648.000000	0.000001
649.000000	0.000000
650.000000	0.000000
651.000000	0.000000
652.000000	0.000000
653.000000	0.000000
654.000000	0.000000
655.000000	0.000000
656.000000	0.000000
657.000000	0.000000
658.000000	0.000000
659.000000	0.000000
660.000000	0.000000
661.000000	0.000000
662.000000	0.000000
663.000000	0.000000
664.000000	0.000000
665.000000	0.000000
666.000000	0.000000
667.000000	0.000000
668.000000	0.000000
669.000000	0.000000
670.000000	0.000000
671.000000	0.000000
672.000000	0.000000
673.000000	0.000000
674.000000	0.000000
675.000000	0.000000
676.000000	0.000000
677.000000	0.000000
678.000000	0.000000
679.000000	0.000000
680.000000	0.000000
681.000000	0.000000
682.000000	0.000000
683.000000	-0.000000
684.000000	-0.000001
685.000000	0.000000
686.000000	0.000000
687.000000	0.000000
688.000000	-0.000000
689.000000	-0.000000
690.000000	0.000001
691.000000	0.000001
692.000000	0.000001
693.000000	0.000002
694.000000	0.011033
695.000000	0.023576
696.000000	0.043592
697.000000	0.073786
698.000000	0.110768
699.000000	0.140497
700.000000	0.155474
701.000000	0.181798
702.000000	0.204862
703.000000	0.213585
704.000000	0.254168
705.000000	0.241624
706.000000	0.221608
707.000000	0.207338
708.000000	0.181924
709.000000	0.171441
710.000000	0.174353
711.000000	0.161690
712.000000	0.165820
713.000000	0.178222
714.000000	0.178070
715.000000	0.206711
716.000000	0.244830
717.000000	0.250761
718.000000	0.251674
719.000000	0.240161
720.000000	0.247414
721.000000	0.246946
722.000000	0.230507
723.000000	0.223869
724.000000	0.181927
725.000000	0.153357
726.000000	0.115314
727.000000	0.093704
728.000000	0.081249
729.000000	0.085632
730.000000	0.082506
731.000000	0.091272
732.000000	0.081625
733.000000	0.076174
734.000000	0.066898
735.000000	0.066831
736.000000	0.066756
737.000000	0.066512
738.000000	0.066486
739.000000	0.054371
740.000000	0.032354
741.000000	0.010403
742.000000	0.009295
743.000000	0.000262
744.000000	0.000021
745.000000	0.000016
746.000000	0.000015
747.000000	0.000015
748.000000	0.000014
749.000000	0.000013
750.000000	0.000013
751.000000	0.000005
752.000000	0.000006
753.000000	0.000002
754.000000	0.000000
755.000000	0.000001
756.000000	0.000000
757.000000	0.000000
758.000000	-0.000000
759.000000	-0.000001
760.000000	-0.000001
761.000000	-0.000001
762.000000	-0.000000
763.000000	-0.000001
764.000000	-0.000001
765.000000	-0.000001
766.000000	-0.000001
767.000000	-0.000000
768.000000	0.000000
769.000000	0.000001
770.000000	0.000000
771.000000	0.000000
772.000000	-0.000000
773.000000	0.000001
774.000000	0.000001
775.000000	0.000001
776.000000	0.000012
777.000000	0.000032
778.000000	0.000036
779.000000	0.000044
780.000000	0.000043
781.000000	0.000045
782.000000	0.000043
783.000000	0.000042
784.000000	0.000047
785.000000	0.000054
786.000000	0.000043
787.000000	0.000026
788.000000	0.000021
789.000000	0.000015
790.000000	0.000016
791.000000	0.000015
792.000000	0.000017
793.000000	0.000017
794.000000	0.000015
795.000000	0.000012
796.000000	0.000012
797.000000	0.000009
798.000000	0.000010
799.000000	0.000008
800.000000	0.000007
801.000000	0.000007
802.000000	0.000007
803.000000	0.000007
804.000000	0.000003
805.000000	-0.000000
806.000000	-0.000000
807.000000	-0.000000
808.000000	-0.000000
809.000000	-0.000000
810.000000	-0.000000
811.000000	0.000001
812.000000	0.000002
813.000000	0.000002
814.000000	0.000002
815.000000	0.000002
816.000000	0.000002
817.000000	0.000002
818.000000	0.000002
819.000000	0.000002
820.000000	0.000004
821.000000	0.000003
822.000000	0.000002
823.000000	0.000002
824.000000	0.000003
825.000000	0.000003
826.000000	0.000004
827.000000	0.000004
828.000000	0.000004
829.000000	0.000004
830.000000	0.000003
831.000000	0.000003
832.000000	0.000003
833.000000	0.000002
834.000000	0.000002
835.000000	0.000002
836.000000	0.000001
837.000000	0.000001
838.000000	0.000001
839.000000	0.000003
840.000000	0.000002
841.000000	0.000003
842.000000	0.000003
843.000000	0.000003
844.000000	0.000003
845.000000	0.000003
846.000000	0.000003
847.000000	0.000003
848.000000	0.000004
849.000000	0.000002
850.000000	0.000002
851.000000	0.000002
852.000000	0.000002
853.000000	0.000002
854.000000	0.000003
855.000000	0.000003
856.000000	0.000002
857.000000	0.000002
858.000000	0.000002
859.000000	0.000002
860.000000	0.000002
861.000000	0.000002
862.000000	0.000003
863.000000	0.000002
864.000000	0.000002
865.000000	0.000003
866.000000	0.000003
867.000000	0.000002
868.000000	0.000002
869.000000	0.000002
870.000000	0.000002
871.000000	0.000002
872.000000	0.000002
873.000000	0.000002
874.000000	0.000004
875.000000	0.000003
876.000000	0.000003
877.000000	0.000003
878.000000	0.000004
879.000000	0.000004
880.000000	0.000004
881.000000	0.000003
882.000000	0.000002
883.000000	0.000002
884.000000	0.000001
885.000000	0.000001
886.000000	0.000001
887.000000	0.000001
888.000000	0.000001
889.000000	0.000001
890.000000	0.000001
891.000000	0.000001
892.000000	0.000002
893.000000	0.000002
894.000000	0.000002
895.000000	0.000002
896.000000	0.000003
897.000000	0.000003
898.000000	0.000003
899.000000	0.000003
900.000000	0.000003
901.000000	0.000002
902.000000	0.000002
903.000000	0.000002
904.000000	0.000002
905.000000	0.000002
906.000000	0.000002
907.000000	0.000002
908.000000	0.000002
909.000000	0.000002
910.000000	0.000002
911.000000	0.000002
912.000000	0.000002
913.000000	0.000002
914.000000	0.000002
915.000000	0.000002
916.000000	0.000002
917.000000	0.000002
918.000000	0.000002
919.000000	0.000002
920.000000	0.000002
921.000000	0.000002
922.000000	0.000002
923.000000	0.000002
924.000000	0.000002
925.000000	0.000002
926.000000	0.000002
927.000000	0.000002
928.000000	0.000002
929.000000	0.000002
930.000000	0.000002
931.000000	0.000002
932.000000	0.000002
933.000000	0.000002
934.000000	0.000002
935.000000	0.000002
936.000000	0.000002
937.000000	0.000002
938.000000	0.000002
939.000000	0.000002
940.000000	0.000002
941.000000	0.000002
942.000000	0.000001
943.000000	0.000001
944.000000	0.000002
945.000000	0.000002
946.000000	0.000002
947.000000	0.000002
948.000000	0.000002
949.000000	0.000002
950.000000	0.000002
951.000000	0.000002
952.000000	0.000002
953.000000	0.000002
954.000000	0.000000
955.000000	0.000000
956.000000	0.000000
957.000000	0.000000
##DataObjects
##Number 0
##GraphObjects
##Number 0
